matrix: 

0 0 2
8.45726 2.45264 3.73057
2.96564 -1.73092 0.657742


---------------------------------
matrix in calcDet: 

matrix in calcDet: 

matrix in calcDet: 

matrix in calcDet: 

0.945817 0 -0.324699
0 1 0
0.324699 0 0.945817


---------------------------------
1 0 0
0 0.981186 -0.193063
0 0.193063 0.981186


---------------------------------
1 0 0
0 1 -0
0 0 1


---------------------------------
1 0 0
0 1 0
-0 0 1


---------------------------------
1 0 0
-0 1 0
0 0 1


---------------------------------
1 0 0
0 1 -0
0 0 1


---------------------------------
1 0 0
0 1 0
-0 0 1


---------------------------------
1 0 0
-0 1 0
0 0 1


---------------------------------
1 0 0
0 1 -0
0 0 1


---------------------------------
1 0 0
0 1 0
-0 0 1


---------------------------------
1 0 0
-0 1 0
0 0 1


---------------------------------
1 0 0
0 1 0
0 -0 1


---------------------------------
1 0 -0
0 1 0
0 0 1


---------------------------------
1 0 0
-0 1 0
0 0 1


---------------------------------
1 0 0
0 1 0
0 -0 1


---------------------------------
1 0 -0
0 1 0
0 0 1


---------------------------------
1 0 0
-0 1 0
0 0 1


---------------------------------
1 0 0
0 1 0
0 -0 1


---------------------------------
1 0 -0
0 1 0
0 0 1


---------------------------------
1 0 0
-0 1 0
0 0 1


---------------------------------
1 0 0
0 1 0
0 -0 1


---------------------------------
1 0 -0
0 1 0
0 0 1


---------------------------------
1 0 0
-0 1 0
0 0 1


---------------------------------
1 0 0
0 1 0
0 -0 1


---------------------------------
1 0 -0
0 1 0
0 0 1


---------------------------------
1 0 0
-0 1 0
0 0 1


---------------------------------
1 0 0
0 1 0
0 -0 1


---------------------------------
1 0 -0
0 1 0
0 0 1


---------------------------------
1 0 0
-0 1 0
0 0 1


---------------------------------
0.966282 0 0.257488
0 1 0
-0.257488 0 0.966282


---------------------------------
1 0 0
0 0.996235 -0.0866982
0 0.0866982 0.996235


---------------------------------
1 0 0
0 0.993238 0.116093
0 -0.116093 0.993238


---------------------------------
0.939693 0 -0.34202
0 1 0
0.34202 0 0.939693


---------------------------------
1 0 0
-0 1 0
0 0 1


---------------------------------
1 0 0
0 0.993238 0.116093
0 -0.116093 0.993238


---------------------------------
0.939693 0 -0.34202
0 1 0
0.34202 0 0.939693


---------------------------------
1 0 0
-0 1 0
0 0 1


---------------------------------
1 0 0
0 0.993238 0.116093
0 -0.116093 0.993238


---------------------------------
0.939693 0 -0.34202
0 1 0
0.34202 0 0.939693


---------------------------------
1 0 0
-0 1 0
0 0 1


---------------------------------
1 0 0
0 1 0
0 -0 1


---------------------------------
1 0 -0
0 1 0
0 0 1


---------------------------------
1 0 0
-0 1 0
0 0 1


---------------------------------
1 0 0
0 1 0
0 -0 1


---------------------------------
1 0 -0
0 1 0
0 0 1


---------------------------------
1 0 0
-0 1 0
0 0 1


---------------------------------
1 0 0
0 1 0
0 -0 1


---------------------------------
1 0 -0
0 1 0
0 0 1


---------------------------------
1 0 0
-0 1 0
0 0 1


---------------------------------
1 0 0
0 1 0
0 -0 1


---------------------------------
1 0 -0
0 1 0
0 0 1


---------------------------------
1 0 0
-0 1 0
0 0 1


---------------------------------
1 0 0
0 1 0
0 -0 1


---------------------------------
1 0 -0
0 1 0
0 0 1


---------------------------------
1 0 0
-0 1 0
0 0 1


---------------------------------
1 0 0
0 1 0
0 -0 1


---------------------------------
1 0 -0
0 1 0
0 0 1


---------------------------------
1 0 0
-0 1 0
0 0 1


---------------------------------
0.947812 0 0.318829
0 1 0
-0.318829 0 0.947812


---------------------------------
1 0 0
0 0.97786 -0.209259
0 0.209259 0.97786


---------------------------------
1 0 0
0 0.992546 0.121869
0 -0.121869 0.992546


---------------------------------
0.956305 0 -0.292372
0 1 0
0.292372 0 0.956305


---------------------------------
1 0 0
-0 1 0
0 0 1


---------------------------------
1 0 0
0 0.992546 0.121869
0 -0.121869 0.992546


---------------------------------
0.956305 0 -0.292372
0 1 0
0.292372 0 0.956305


---------------------------------
1 0 0
-0 1 0
0 0 1


---------------------------------
1 0 0
0 0.992546 0.121869
0 -0.121869 0.992546


---------------------------------
0.956305 0 -0.292372
0 1 0
0.292372 0 0.956305


---------------------------------
1 0 0
-0 1 0
0 0 1


---------------------------------
1 0 0
0 1 0
0 -0 1


---------------------------------
1 0 -0
0 1 0
0 0 1


---------------------------------
1 0 0
-0 1 0
0 0 1


---------------------------------
1 0 0
0 1 0
0 -0 1


---------------------------------
1 0 -0
0 1 0
0 0 1


---------------------------------
1 0 0
-0 1 0
0 0 1


---------------------------------
1 0 0
0 1 0
0 -0 1


---------------------------------
1 0 -0
0 1 0
0 0 1


---------------------------------
1 0 0
-0 1 0
0 0 1


---------------------------------
1 0 0
0 1 0
0 -0 1


---------------------------------
1 0 -0
0 1 0
0 0 1


---------------------------------
1 0 0
-0 1 0
0 0 1


---------------------------------
1 0 0
0 1 0
0 -0 1


---------------------------------
1 0 -0
0 1 0
0 0 1


---------------------------------
1 0 0
-0 1 0
0 0 1


---------------------------------
1 0 0
0 1 0
0 -0 1


---------------------------------
1 0 -0
0 1 0
0 0 1


---------------------------------
1 0 0
-0 1 0
0 0 1


---------------------------------
0.994876 0 -0.101102
0 1 0
0.101102 0 0.994876


---------------------------------
1 0 0
0 0.99014 -0.140083
0 0.140083 0.99014


---------------------------------
1 0 0
0 1 -0
0 0 1


---------------------------------
1 0 0
0 1 0
-0 0 1


---------------------------------
1 0 0
-0 1 0
0 0 1


---------------------------------
1 0 0
0 1 -0
0 0 1


---------------------------------
1 0 0
0 1 0
-0 0 1


---------------------------------
1 0 0
-0 1 0
0 0 1


---------------------------------
1 0 0
0 1 -0
0 0 1


---------------------------------
1 0 0
0 1 0
-0 0 1


---------------------------------
1 0 0
-0 1 0
0 0 1


---------------------------------
1 0 0
0 1 0
0 -0 1


---------------------------------
1 0 -0
0 1 0
0 0 1


---------------------------------
1 0 0
-0 1 0
0 0 1


---------------------------------
1 0 0
0 1 0
0 -0 1


---------------------------------
1 0 -0
0 1 0
0 0 1


---------------------------------
1 0 0
-0 1 0
0 0 1


---------------------------------
1 0 0
0 1 0
0 -0 1


---------------------------------
1 0 -0
0 1 0
0 0 1


---------------------------------
1 0 0
-0 1 0
0 0 1


---------------------------------
1 0 0
0 1 0
0 -0 1


---------------------------------
1 0 -0
0 1 0
0 0 1


---------------------------------
1 0 0
-0 1 0
0 0 1


---------------------------------
1 0 0
0 1 0
0 -0 1


---------------------------------
1 0 -0
0 1 0
0 0 1


---------------------------------
1 0 0
-0 1 0
0 0 1


---------------------------------
1 0 0
0 1 0
0 -0 1


---------------------------------
1 0 -0
0 1 0
0 0 1


---------------------------------
1 0 0
-0 1 0
0 0 1


---------------------------------
0.976544 0 -0.215318
0 1 0
0.215318 0 0.976544


---------------------------------
1 0 0
0 0.97473 -0.223384
0 0.223384 0.97473


---------------------------------
1 0 0
0 1 -0
0 0 1


---------------------------------
1 0 0
0 1 0
-0 0 1


---------------------------------
1 0 0
-0 1 0
0 0 1


---------------------------------
1 0 0
0 1 -0
0 0 1


---------------------------------
1 0 0
0 1 0
-0 0 1


---------------------------------
1 0 0
-0 1 0
0 0 1


---------------------------------
1 0 0
0 1 -0
0 0 1


---------------------------------
1 0 0
0 1 0
-0 0 1


---------------------------------
1 0 0
-0 1 0
0 0 1


---------------------------------
1 0 0
0 1 0
0 -0 1


---------------------------------
1 0 -0
0 1 0
0 0 1


---------------------------------
1 0 0
-0 1 0
0 0 1


---------------------------------
1 0 0
0 1 0
0 -0 1


---------------------------------
1 0 -0
0 1 0
0 0 1


---------------------------------
1 0 0
-0 1 0
0 0 1


---------------------------------
1 0 0
0 1 0
0 -0 1


---------------------------------
1 0 -0
0 1 0
0 0 1


---------------------------------
1 0 0
-0 1 0
0 0 1


---------------------------------
1 0 0
0 1 0
0 -0 1


---------------------------------
1 0 -0
0 1 0
0 0 1


---------------------------------
1 0 0
-0 1 0
0 0 1


---------------------------------
1 0 0
0 1 0
0 -0 1


---------------------------------
1 0 -0
0 1 0
0 0 1


---------------------------------
1 0 0
-0 1 0
0 0 1


---------------------------------
1 0 0
0 1 0
0 -0 1


---------------------------------
1 0 -0
0 1 0
0 0 1


---------------------------------
1 0 0
-0 1 0
0 0 1


---------------------------------
0.999966 0 -0.00826725
0 1 0
0.00826725 0 0.999966


---------------------------------
1 0 0
0 0.97519 -0.221369
0 0.221369 0.97519


---------------------------------
1 0 0
0 1 -0
0 0 1


---------------------------------
1 0 0
0 1 0
-0 0 1


---------------------------------
1 0 0
-0 1 0
0 0 1


---------------------------------
1 0 0
0 1 -0
0 0 1


---------------------------------
1 0 0
0 1 0
-0 0 1


---------------------------------
1 0 0
-0 1 0
0 0 1


---------------------------------
1 0 0
0 1 -0
0 0 1


---------------------------------
1 0 0
0 1 0
-0 0 1


---------------------------------
1 0 0
-0 1 0
0 0 1


---------------------------------
1 0 0
0 1 0
0 -0 1


---------------------------------
1 0 -0
0 1 0
0 0 1


---------------------------------
1 0 0
-0 1 0
0 0 1


---------------------------------
1 0 0
0 1 0
0 -0 1


---------------------------------
1 0 -0
0 1 0
0 0 1


---------------------------------
1 0 0
-0 1 0
0 0 1


---------------------------------
1 0 0
0 1 0
0 -0 1


---------------------------------
1 0 -0
0 1 0
0 0 1


---------------------------------
1 0 0
-0 1 0
0 0 1


---------------------------------
1 0 0
0 1 0
0 -0 1


---------------------------------
1 0 -0
0 1 0
0 0 1


---------------------------------
1 0 0
-0 1 0
0 0 1


---------------------------------
1 0 0
0 1 0
0 -0 1


---------------------------------
1 0 -0
0 1 0
0 0 1


---------------------------------
1 0 0
-0 1 0
0 0 1


---------------------------------
1 0 0
0 1 0
0 -0 1


---------------------------------
1 0 -0
0 1 0
0 0 1


---------------------------------
1 0 0
-0 1 0
0 0 1


---------------------------------
0.992574 0 -0.121641
0 1 0
0.121641 0 0.992574


---------------------------------
1 0 0
0 0.987363 -0.158476
0 0.158476 0.987363


---------------------------------
1 0 0
0 1 -0
0 0 1


---------------------------------
1 0 0
0 1 0
-0 0 1


---------------------------------
1 0 0
-0 1 0
0 0 1


---------------------------------
1 0 0
0 1 -0
0 0 1


---------------------------------
1 0 0
0 1 0
-0 0 1


---------------------------------
1 0 0
-0 1 0
0 0 1


---------------------------------
1 0 0
0 1 -0
0 0 1


---------------------------------
1 0 0
0 1 0
-0 0 1


---------------------------------
1 0 0
-0 1 0
0 0 1


---------------------------------
1 0 0
0 1 0
0 -0 1


---------------------------------
1 0 -0
0 1 0
0 0 1


---------------------------------
1 0 0
-0 1 0
0 0 1


---------------------------------
1 0 0
0 1 0
0 -0 1


---------------------------------
1 0 -0
0 1 0
0 0 1


---------------------------------
1 0 0
-0 1 0
0 0 1


---------------------------------
1 0 0
0 1 0
0 -0 1


---------------------------------
1 0 -0
0 1 0
0 0 1


---------------------------------
1 0 0
-0 1 0
0 0 1


---------------------------------
1 0 0
0 1 0
0 -0 1


---------------------------------
1 0 -0
0 1 0
0 0 1


---------------------------------
1 0 0
-0 1 0
0 0 1


---------------------------------
1 0 0
0 1 0
0 -0 1


---------------------------------
1 0 -0
0 1 0
0 0 1


---------------------------------
1 0 0
-0 1 0
0 0 1


---------------------------------
1 0 0
0 1 0
0 -0 1


---------------------------------
1 0 -0
0 1 0
0 0 1


---------------------------------
1 0 0
-0 1 0
0 0 1


---------------------------------
0.856931 0 0.515432
0 1 0
-0.515432 0 0.856931


---------------------------------
1 0 0
0 0.994665 -0.103158
0 0.103158 0.994665


---------------------------------
1 0 0
0 1 -0
0 0 1


---------------------------------
1 0 0
0 1 0
-0 0 1


---------------------------------
1 0 0
-0 1 0
0 0 1


---------------------------------
1 0 0
0 1 -0
0 0 1


---------------------------------
1 0 0
0 1 0
-0 0 1


---------------------------------
1 0 0
-0 1 0
0 0 1


---------------------------------
1 0 0
0 1 -0
0 0 1


---------------------------------
1 0 0
0 1 0
-0 0 1


---------------------------------
1 0 0
-0 1 0
0 0 1


---------------------------------
1 0 0
0 1 0
0 -0 1


---------------------------------
1 0 -0
0 1 0
0 0 1


---------------------------------
1 0 0
-0 1 0
0 0 1


---------------------------------
1 0 0
0 1 0
0 -0 1


---------------------------------
1 0 -0
0 1 0
0 0 1


---------------------------------
1 0 0
-0 1 0
0 0 1


---------------------------------
1 0 0
0 1 0
0 -0 1


---------------------------------
1 0 -0
0 1 0
0 0 1


---------------------------------
1 0 0
-0 1 0
0 0 1


---------------------------------
1 0 0
0 1 0
0 -0 1


---------------------------------
1 0 -0
0 1 0
0 0 1


---------------------------------
1 0 0
-0 1 0
0 0 1


---------------------------------
1 0 0
0 1 0
0 -0 1


---------------------------------
1 0 -0
0 1 0
0 0 1


---------------------------------
1 0 0
-0 1 0
0 0 1


---------------------------------
1 0 0
0 1 0
0 -0 1


---------------------------------
1 0 -0
0 1 0
0 0 1


---------------------------------
1 0 0
-0 1 0
0 0 1


---------------------------------
0.987363 0 -0.158476
0 1 0
0.158476 0 0.987363


---------------------------------
1 0 0
0 0.979139 -0.203192
0 0.203192 0.979139


---------------------------------
1 0 0
0 1 -0
0 0 1


---------------------------------
1 0 0
0 1 0
-0 0 1


---------------------------------
1 0 0
-0 1 0
0 0 1


---------------------------------
1 0 0
0 1 -0
0 0 1


---------------------------------
1 0 0
0 1 0
-0 0 1


---------------------------------
1 0 0
-0 1 0
0 0 1


---------------------------------
1 0 0
0 1 -0
0 0 1


---------------------------------
1 0 0
0 1 0
-0 0 1


---------------------------------
1 0 0
-0 1 0
0 0 1


---------------------------------
1 0 0
0 1 0
0 -0 1


---------------------------------
1 0 -0
0 1 0
0 0 1


---------------------------------
1 0 0
-0 1 0
0 0 1


---------------------------------
1 0 0
0 1 0
0 -0 1


---------------------------------
1 0 -0
0 1 0
0 0 1


---------------------------------
1 0 0
-0 1 0
0 0 1


---------------------------------
1 0 0
0 1 0
0 -0 1


---------------------------------
1 0 -0
0 1 0
0 0 1


---------------------------------
1 0 0
-0 1 0
0 0 1


---------------------------------
1 0 0
0 1 0
0 -0 1


---------------------------------
1 0 -0
0 1 0
0 0 1


---------------------------------
1 0 0
-0 1 0
0 0 1


---------------------------------
1 0 0
0 1 0
0 -0 1


---------------------------------
1 0 -0
0 1 0
0 0 1


---------------------------------
1 0 0
-0 1 0
0 0 1


---------------------------------
1 0 0
0 1 0
0 -0 1


---------------------------------
1 0 -0
0 1 0
0 0 1


---------------------------------
1 0 0
-0 1 0
0 0 1


---------------------------------
0.855864 0 0.517202
0 1 0
-0.517202 0 0.855864


---------------------------------
1 0 0
0 0.994876 -0.101102
0 0.101102 0.994876


---------------------------------
1 0 0
0 1 -0
0 0 1


---------------------------------
1 0 0
0 1 0
-0 0 1


---------------------------------
1 0 0
-0 1 0
0 0 1


---------------------------------
1 0 0
0 1 -0
0 0 1


---------------------------------
1 0 0
0 1 0
-0 0 1


---------------------------------
1 0 0
-0 1 0
0 0 1


---------------------------------
1 0 0
0 1 -0
0 0 1


---------------------------------
1 0 0
0 1 0
-0 0 1


---------------------------------
1 0 0
-0 1 0
0 0 1


---------------------------------
1 0 0
0 1 0
0 -0 1


---------------------------------
1 0 -0
0 1 0
0 0 1


---------------------------------
1 0 0
-0 1 0
0 0 1


---------------------------------
1 0 0
0 1 0
0 -0 1


---------------------------------
1 0 -0
0 1 0
0 0 1


---------------------------------
1 0 0
-0 1 0
0 0 1


---------------------------------
1 0 0
0 1 0
0 -0 1


---------------------------------
1 0 -0
0 1 0
0 0 1


---------------------------------
1 0 0
-0 1 0
0 0 1


---------------------------------
1 0 0
0 1 0
0 -0 1


---------------------------------
1 0 -0
0 1 0
0 0 1


---------------------------------
1 0 0
-0 1 0
0 0 1


---------------------------------
1 0 0
0 1 0
0 -0 1


---------------------------------
1 0 -0
0 1 0
0 0 1


---------------------------------
1 0 0
-0 1 0
0 0 1


---------------------------------
1 0 0
0 1 0
0 -0 1


---------------------------------
1 0 -0
0 1 0
0 0 1


---------------------------------
1 0 0
-0 1 0
0 0 1


---------------------------------
0.995868 0 0.0908155
0 1 0
-0.0908155 0 0.995868


---------------------------------
1 0 0
0 0.978717 -0.205215
0 0.205215 0.978717


---------------------------------
1 0 0
0 1 -0
0 0 1


---------------------------------
1 0 0
0 1 0
-0 0 1


---------------------------------
1 0 0
-0 1 0
0 0 1


---------------------------------
1 0 0
0 1 -0
0 0 1


---------------------------------
1 0 0
0 1 0
-0 0 1


---------------------------------
1 0 0
-0 1 0
0 0 1


---------------------------------
1 0 0
0 1 -0
0 0 1


---------------------------------
1 0 0
0 1 0
-0 0 1


---------------------------------
1 0 0
-0 1 0
0 0 1


---------------------------------
1 0 0
0 1 0
0 -0 1


---------------------------------
1 0 -0
0 1 0
0 0 1


---------------------------------
1 0 0
-0 1 0
0 0 1


---------------------------------
1 0 0
0 1 0
0 -0 1


---------------------------------
1 0 -0
0 1 0
0 0 1


---------------------------------
1 0 0
-0 1 0
0 0 1


---------------------------------
1 0 0
0 1 0
0 -0 1


---------------------------------
1 0 -0
0 1 0
0 0 1


---------------------------------
1 0 0
-0 1 0
0 0 1


---------------------------------
1 0 0
0 1 0
0 -0 1


---------------------------------
1 0 -0
0 1 0
0 0 1


---------------------------------
1 0 0
-0 1 0
0 0 1


---------------------------------
1 0 0
0 1 0
0 -0 1


---------------------------------
1 0 -0
0 1 0
0 0 1


---------------------------------
1 0 0
-0 1 0
0 0 1


---------------------------------
1 0 0
0 1 0
0 -0 1


---------------------------------
1 0 -0
0 1 0
0 0 1


---------------------------------
1 0 0
-0 1 0
0 0 1


---------------------------------
0.901991 0 -0.431754
0 1 0
0.431754 0 0.901991


---------------------------------
1 0 0
0 0.995083 -0.0990455
0 0.0990455 0.995083


---------------------------------
1 0 0
0 1 -0
0 0 1


---------------------------------
1 0 0
0 1 0
-0 0 1


---------------------------------
1 0 0
-0 1 0
0 0 1


---------------------------------
1 0 0
0 1 -0
0 0 1


---------------------------------
1 0 0
0 1 0
-0 0 1


---------------------------------
1 0 0
-0 1 0
0 0 1


---------------------------------
1 0 0
0 1 -0
0 0 1


---------------------------------
1 0 0
0 1 0
-0 0 1


---------------------------------
1 0 0
-0 1 0
0 0 1


---------------------------------
1 0 0
0 1 0
0 -0 1


---------------------------------
1 0 -0
0 1 0
0 0 1


---------------------------------
1 0 0
-0 1 0
0 0 1


---------------------------------
1 0 0
0 1 0
0 -0 1


---------------------------------
1 0 -0
0 1 0
0 0 1


---------------------------------
1 0 0
-0 1 0
0 0 1


---------------------------------
1 0 0
0 1 0
0 -0 1


---------------------------------
1 0 -0
0 1 0
0 0 1


---------------------------------
1 0 0
-0 1 0
0 0 1


---------------------------------
1 0 0
0 1 0
0 -0 1


---------------------------------
1 0 -0
0 1 0
0 0 1


---------------------------------
1 0 0
-0 1 0
0 0 1


---------------------------------
1 0 0
0 1 0
0 -0 1


---------------------------------
1 0 -0
0 1 0
0 0 1


---------------------------------
1 0 0
-0 1 0
0 0 1


---------------------------------
1 0 0
0 1 0
0 -0 1


---------------------------------
1 0 -0
0 1 0
0 0 1


---------------------------------
1 0 0
-0 1 0
0 0 1


---------------------------------
0.999947 0 0.010334
0 1 0
-0.010334 0 0.999947


---------------------------------
1 0 0
0 1 -0
0 0 1


---------------------------------
1 0 0
0 1 -0
0 0 1


---------------------------------
1 0 0
0 1 0
-0 0 1


---------------------------------
1 0 0
-0 1 0
0 0 1


---------------------------------
1 0 0
0 1 -0
0 0 1


---------------------------------
1 0 0
0 1 0
-0 0 1


---------------------------------
1 0 0
-0 1 0
0 0 1


---------------------------------
1 0 0
0 1 -0
0 0 1


---------------------------------
1 0 0
0 1 0
-0 0 1


---------------------------------
1 0 0
-0 1 0
0 0 1


---------------------------------
1 0 0
0 1 0
0 -0 1


---------------------------------
1 0 -0
0 1 0
0 0 1


---------------------------------
1 0 0
-0 1 0
0 0 1


---------------------------------
1 0 0
0 1 0
0 -0 1


---------------------------------
1 0 -0
0 1 0
0 0 1


---------------------------------
1 0 0
-0 1 0
0 0 1


---------------------------------
1 0 0
0 1 0
0 -0 1


---------------------------------
1 0 -0
0 1 0
0 0 1


---------------------------------
1 0 0
-0 1 0
0 0 1


---------------------------------
1 0 0
0 1 0
0 -0 1


---------------------------------
1 0 -0
0 1 0
0 0 1


---------------------------------
1 0 0
-0 1 0
0 0 1


---------------------------------
1 0 0
0 1 0
0 -0 1


---------------------------------
1 0 -0
0 1 0
0 0 1


---------------------------------
1 0 0
-0 1 0
0 0 1


---------------------------------
1 0 0
0 1 0
0 -0 1


---------------------------------
1 0 -0
0 1 0
0 0 1


---------------------------------
1 0 0
-0 1 0
0 0 1


---------------------------------
0.999981 0 0.00620047
0 1 0
-0.00620047 0 0.999981


---------------------------------
1 0 0
0 1 -0
0 0 1


---------------------------------
1 0 0
0 1 -0
0 0 1


---------------------------------
1 0 0
0 1 0
-0 0 1


---------------------------------
1 0 0
-0 1 0
0 0 1


---------------------------------
1 0 0
0 1 -0
0 0 1


---------------------------------
1 0 0
0 1 0
-0 0 1


---------------------------------
1 0 0
-0 1 0
0 0 1


---------------------------------
1 0 0
0 1 -0
0 0 1


---------------------------------
1 0 0
0 1 0
-0 0 1


---------------------------------
1 0 0
-0 1 0
0 0 1


---------------------------------
1 0 0
0 1 0
0 -0 1


---------------------------------
1 0 -0
0 1 0
0 0 1


---------------------------------
1 0 0
-0 1 0
0 0 1


---------------------------------
1 0 0
0 1 0
0 -0 1


---------------------------------
1 0 -0
0 1 0
0 0 1


---------------------------------
1 0 0
-0 1 0
0 0 1


---------------------------------
1 0 0
0 1 0
0 -0 1


---------------------------------
1 0 -0
0 1 0
0 0 1


---------------------------------
1 0 0
-0 1 0
0 0 1


---------------------------------
1 0 0
0 1 0
0 -0 1


---------------------------------
1 0 -0
0 1 0
0 0 1


---------------------------------
1 0 0
-0 1 0
0 0 1


---------------------------------
1 0 0
0 1 0
0 -0 1


---------------------------------
1 0 -0
0 1 0
0 0 1


---------------------------------
1 0 0
-0 1 0
0 0 1


---------------------------------
1 0 0
0 1 0
0 -0 1


---------------------------------
1 0 -0
0 1 0
0 0 1


---------------------------------
1 0 0
-0 1 0
0 0 1


---------------------------------
0.996753 0 -0.0805194
0 1 0
0.0805194 0 0.996753


---------------------------------
1 0 0
0 1 -0
0 0 1


---------------------------------
1 0 0
0 1 -0
0 0 1


---------------------------------
1 0 0
0 1 0
-0 0 1


---------------------------------
1 0 0
-0 1 0
0 0 1


---------------------------------
1 0 0
0 1 -0
0 0 1


---------------------------------
1 0 0
0 1 0
-0 0 1


---------------------------------
1 0 0
-0 1 0
0 0 1


---------------------------------
1 0 0
0 1 -0
0 0 1


---------------------------------
1 0 0
0 1 0
-0 0 1


---------------------------------
1 0 0
-0 1 0
0 0 1


---------------------------------
1 0 0
0 1 0
0 -0 1


---------------------------------
1 0 -0
0 1 0
0 0 1


---------------------------------
1 0 0
-0 1 0
0 0 1


---------------------------------
1 0 0
0 1 0
0 -0 1


---------------------------------
1 0 -0
0 1 0
0 0 1


---------------------------------
1 0 0
-0 1 0
0 0 1


---------------------------------
1 0 0
0 1 0
0 -0 1


---------------------------------
1 0 -0
0 1 0
0 0 1


---------------------------------
1 0 0
-0 1 0
0 0 1


---------------------------------
1 0 0
0 1 0
0 -0 1


---------------------------------
1 0 -0
0 1 0
0 0 1


---------------------------------
1 0 0
-0 1 0
0 0 1


---------------------------------
1 0 0
0 1 0
0 -0 1


---------------------------------
1 0 -0
0 1 0
0 0 1


---------------------------------
1 0 0
-0 1 0
0 0 1


---------------------------------
1 0 0
0 1 0
0 -0 1


---------------------------------
1 0 -0
0 1 0
0 0 1


---------------------------------
1 0 0
-0 1 0
0 0 1


---------------------------------
0.994876 0 -0.101102
0 1 0
0.101102 0 0.994876


---------------------------------
1 0 0
0 0.970407 0.241476
0 -0.241476 0.970407


---------------------------------
1 0 0
0 1 -0
0 0 1


---------------------------------
1 0 0
0 1 0
-0 0 1


---------------------------------
1 0 0
-0 1 0
0 0 1


---------------------------------
1 0 0
0 1 -0
0 0 1


---------------------------------
1 0 0
0 1 0
-0 0 1


---------------------------------
1 0 0
-0 1 0
0 0 1


---------------------------------
1 0 0
0 1 -0
0 0 1


---------------------------------
1 0 0
0 1 0
-0 0 1


---------------------------------
1 0 0
-0 1 0
0 0 1


---------------------------------
1 0 0
0 1 0
0 -0 1


---------------------------------
1 0 -0
0 1 0
0 0 1


---------------------------------
1 0 0
-0 1 0
0 0 1


---------------------------------
1 0 0
0 1 0
0 -0 1


---------------------------------
1 0 -0
0 1 0
0 0 1


---------------------------------
1 0 0
-0 1 0
0 0 1


---------------------------------
1 0 0
0 1 0
0 -0 1


---------------------------------
1 0 -0
0 1 0
0 0 1


---------------------------------
1 0 0
-0 1 0
0 0 1


---------------------------------
1 0 0
0 1 0
0 -0 1


---------------------------------
1 0 -0
0 1 0
0 0 1


---------------------------------
1 0 0
-0 1 0
0 0 1


---------------------------------
1 0 0
0 1 0
0 -0 1


---------------------------------
1 0 -0
0 1 0
0 0 1


---------------------------------
1 0 0
-0 1 0
0 0 1


---------------------------------
1 0 0
0 1 0
0 -0 1


---------------------------------
1 0 -0
0 1 0
0 0 1


---------------------------------
1 0 0
-0 1 0
0 0 1


---------------------------------
0.991801 0 -0.127793
0 1 0
0.127793 0 0.991801


---------------------------------
1 0 0
0 0.99071 0.135989
0 -0.135989 0.99071


---------------------------------
1 0 0
0 1 -0
0 0 1


---------------------------------
1 0 0
0 1 0
-0 0 1


---------------------------------
1 0 0
-0 1 0
0 0 1


---------------------------------
1 0 0
0 1 -0
0 0 1


---------------------------------
1 0 0
0 1 0
-0 0 1


---------------------------------
1 0 0
-0 1 0
0 0 1


---------------------------------
1 0 0
0 1 -0
0 0 1


---------------------------------
1 0 0
0 1 0
-0 0 1


---------------------------------
1 0 0
-0 1 0
0 0 1


---------------------------------
1 0 0
0 1 0
0 -0 1


---------------------------------
1 0 -0
0 1 0
0 0 1


---------------------------------
1 0 0
-0 1 0
0 0 1


---------------------------------
1 0 0
0 1 0
0 -0 1


---------------------------------
1 0 -0
0 1 0
0 0 1


---------------------------------
1 0 0
-0 1 0
0 0 1


---------------------------------
1 0 0
0 1 0
0 -0 1


---------------------------------
1 0 -0
0 1 0
0 0 1


---------------------------------
1 0 0
-0 1 0
0 0 1


---------------------------------
1 0 0
0 1 0
0 -0 1


---------------------------------
1 0 -0
0 1 0
0 0 1


---------------------------------
1 0 0
-0 1 0
0 0 1


---------------------------------
1 0 0
0 1 0
0 -0 1


---------------------------------
1 0 -0
0 1 0
0 0 1


---------------------------------
1 0 0
-0 1 0
0 0 1


---------------------------------
1 0 0
0 1 0
0 -0 1


---------------------------------
1 0 -0
0 1 0
0 0 1


---------------------------------
1 0 0
-0 1 0
0 0 1


---------------------------------
0.889595 0 0.456751
0 1 0
-0.456751 0 0.889595


---------------------------------
1 0 0
0 0.999998 -0.00206684
0 0.00206684 0.999998


---------------------------------
1 0 0
0 1 -0
0 0 1


---------------------------------
1 0 0
0 1 0
-0 0 1


---------------------------------
1 0 0
-0 1 0
0 0 1


---------------------------------
1 0 0
0 1 -0
0 0 1


---------------------------------
1 0 0
0 1 0
-0 0 1


---------------------------------
1 0 0
-0 1 0
0 0 1


---------------------------------
1 0 0
0 1 -0
0 0 1


---------------------------------
1 0 0
0 1 0
-0 0 1


---------------------------------
1 0 0
-0 1 0
0 0 1


---------------------------------
1 0 0
0 1 0
0 -0 1


---------------------------------
1 0 -0
0 1 0
0 0 1


---------------------------------
1 0 0
-0 1 0
0 0 1


---------------------------------
1 0 0
0 1 0
0 -0 1


---------------------------------
1 0 -0
0 1 0
0 0 1


---------------------------------
1 0 0
-0 1 0
0 0 1


---------------------------------
1 0 0
0 1 0
0 -0 1


---------------------------------
1 0 -0
0 1 0
0 0 1


---------------------------------
1 0 0
-0 1 0
0 0 1


---------------------------------
1 0 0
0 1 0
0 -0 1


---------------------------------
1 0 -0
0 1 0
0 0 1


---------------------------------
1 0 0
-0 1 0
0 0 1


---------------------------------
1 0 0
0 1 0
0 -0 1


---------------------------------
1 0 -0
0 1 0
0 0 1


---------------------------------
1 0 0
-0 1 0
0 0 1


---------------------------------
1 0 0
0 1 0
0 -0 1


---------------------------------
1 0 -0
0 1 0
0 0 1


---------------------------------
1 0 0
-0 1 0
0 0 1


---------------------------------
0.999943 0 -0.0106855
0 1 0
0.0106855 0 0.999943


---------------------------------
1 0 0
0 0.999397 -0.0347215
0 0.0347215 0.999397


---------------------------------
1 0 0
0 1 -0
0 0 1


---------------------------------
1 0 0
0 1 0
-0 0 1


---------------------------------
1 0 0
-0 1 0
0 0 1


---------------------------------
1 0 0
0 1 -0
0 0 1


---------------------------------
1 0 0
0 1 0
-0 0 1


---------------------------------
1 0 0
-0 1 0
0 0 1


---------------------------------
1 0 0
0 1 -0
0 0 1


---------------------------------
1 0 0
0 1 0
-0 0 1


---------------------------------
1 0 0
-0 1 0
0 0 1


---------------------------------
1 0 0
0 1 0
0 -0 1


---------------------------------
1 0 -0
0 1 0
0 0 1


---------------------------------
1 0 0
-0 1 0
0 0 1


---------------------------------
1 0 0
0 1 0
0 -0 1


---------------------------------
1 0 -0
0 1 0
0 0 1


---------------------------------
1 0 0
-0 1 0
0 0 1


---------------------------------
1 0 0
0 1 0
0 -0 1


---------------------------------
1 0 -0
0 1 0
0 0 1


---------------------------------
1 0 0
-0 1 0
0 0 1


---------------------------------
1 0 0
0 1 0
0 -0 1


---------------------------------
1 0 -0
0 1 0
0 0 1


---------------------------------
1 0 0
-0 1 0
0 0 1


---------------------------------
1 0 0
0 1 0
0 -0 1


---------------------------------
1 0 -0
0 1 0
0 0 1


---------------------------------
1 0 0
-0 1 0
0 0 1


---------------------------------
1 0 0
0 1 0
0 -0 1


---------------------------------
1 0 -0
0 1 0
0 0 1


---------------------------------
1 0 0
-0 1 0
0 0 1


---------------------------------
0.876513 0 0.481379
0 1 0
-0.481379 0 0.876513


---------------------------------
1 0 0
0 0.999397 -0.0347215
0 0.0347215 0.999397


---------------------------------
1 0 0
0 1 -0
0 0 1


---------------------------------
1 0 0
0 1 0
-0 0 1


---------------------------------
1 0 0
-0 1 0
0 0 1


---------------------------------
1 0 0
0 1 -0
0 0 1


---------------------------------
1 0 0
0 1 0
-0 0 1


---------------------------------
1 0 0
-0 1 0
0 0 1


---------------------------------
1 0 0
0 1 -0
0 0 1


---------------------------------
1 0 0
0 1 0
-0 0 1


---------------------------------
1 0 0
-0 1 0
0 0 1


---------------------------------
1 0 0
0 1 0
0 -0 1


---------------------------------
1 0 -0
0 1 0
0 0 1


---------------------------------
1 0 0
-0 1 0
0 0 1


---------------------------------
1 0 0
0 1 0
0 -0 1


---------------------------------
1 0 -0
0 1 0
0 0 1


---------------------------------
1 0 0
-0 1 0
0 0 1


---------------------------------
1 0 0
0 1 0
0 -0 1


---------------------------------
1 0 -0
0 1 0
0 0 1


---------------------------------
1 0 0
-0 1 0
0 0 1


---------------------------------
1 0 0
0 1 0
0 -0 1


---------------------------------
1 0 -0
0 1 0
0 0 1


---------------------------------
1 0 0
-0 1 0
0 0 1


---------------------------------
1 0 0
0 1 0
0 -0 1


---------------------------------
1 0 -0
0 1 0
0 0 1


---------------------------------
1 0 0
-0 1 0
0 0 1


---------------------------------
1 0 0
0 1 0
0 -0 1


---------------------------------
1 0 -0
0 1 0
0 0 1


---------------------------------
1 0 0
-0 1 0
0 0 1


---------------------------------
1 0 0
0 0.999171 0.0407131
0 -0.0407131 0.999171


---------------------------------
0.848048 0 -0.52992
0 1 0
0.52992 0 0.848048


---------------------------------
1 0 0
0 0.964404 -0.264434
0 0.264434 0.964404


---------------------------------
0.891007 0 0.45399
0 1 0
-0.45399 0 0.891007


---------------------------------
1 0 0
0 1 -0
0 0 1


---------------------------------
1 0 0
0 1 0
-0 0 1


---------------------------------
1 0 0
0 0.994522 -0.104529
0 0.104529 0.994522


---------------------------------
0.99973 0 -0.0232558
0 1 0
0.0232558 0 0.99973


---------------------------------
1 0 0
0 1 -0
0 0 1


---------------------------------
1 0 1.0403e-09
0 1 0
-1.0403e-09 0 1


---------------------------------
1 0 0
0 1 -0
0 0 1


---------------------------------
1 0 0
0 1 0
-0 0 1


---------------------------------
1 0 0
0 0.990268 -0.139173
0 0.139173 0.990268


---------------------------------
0.0465239 0 -0.998917
0 1 0
0.998917 0 0.0465239


---------------------------------
1 0 0
0 1 -0
0 0 1


---------------------------------
1 0 0
0 1 0
-0 0 1


---------------------------------
1 0 0
0 0.998308 0.0581448
0 -0.0581448 0.998308


---------------------------------
0.999729 0 -0.02327
0 1 0
0.02327 0 0.999729


---------------------------------
1 0 0
0 1 -0
0 0 1


---------------------------------
1 0 -0
0 1 0
0 0 1


---------------------------------
1 0 0
0 0.957989 -0.286803
0 0.286803 0.957989


---------------------------------
0.0639501 0 0.997953
0 1 0
-0.997953 0 0.0639501


---------------------------------
1 0 0
0 0.882947 -0.469472
0 0.469472 0.882947


---------------------------------
0.16792 0 0.985801
0 1 0
-0.985801 0 0.16792


---------------------------------
1 0 0
0 1 -0
0 0 1


---------------------------------
1 0 0
0 1 0
-0 0 1


---------------------------------
1 0 0
0 0.984808 -0.173648
0 0.173648 0.984808


---------------------------------
0.196516 0 -0.980501
0 1 0
0.980501 0 0.196516


---------------------------------
1 0 0
0 1 0
0 -0 1


---------------------------------
1 0 -0
0 1 0
0 0 1


---------------------------------
1 0 0
0 0.975662 0.219279
0 -0.219279 0.975662


---------------------------------
0.369207 0 0.929347
0 1 0
-0.929347 0 0.369207


---------------------------------
1 0 0
0 1 0
0 -0 1


---------------------------------
1 0 -0
0 1 0
0 0 1


---------------------------------
1 0 0
0 1 0
0 -0 1


---------------------------------
1 0 -0
0 1 0
0 0 1


---------------------------------
1 0 0
0 1 0
0 -0 1


---------------------------------
1 0 -0
0 1 0
0 0 1


---------------------------------
1 0 0
0 1 0
0 -0 1


---------------------------------
1 0 -0
0 1 0
0 0 1


---------------------------------
1 0 0
0 1 0
0 -0 1


---------------------------------
1 0 -0
0 1 0
0 0 1


---------------------------------
1 0 0
0 0.945519 0.325568
0 -0.325568 0.945519


---------------------------------
0.715287 0 0.698831
0 1 0
-0.698831 0 0.715287


---------------------------------
1 0 0
0 1 0
0 -0 1


---------------------------------
1 0 -0
0 1 0
0 0 1


---------------------------------
1 0 0
0 1 0
0 -0 1


---------------------------------
1 0 -0
0 1 0
0 0 1


---------------------------------
1 0 0
0 1 0
0 -0 1


---------------------------------
1 0 -0
0 1 0
0 0 1


---------------------------------
1 0 0
0 1 0
0 -0 1


---------------------------------
1 0 -0
0 1 0
0 0 1


---------------------------------
1 0 0
0 1 0
0 -0 1


---------------------------------
1 0 -0
0 1 0
0 0 1


---------------------------------
1 0 0
0 1 0
0 -0 1


---------------------------------
1 0 -0
0 1 0
0 0 1


---------------------------------
1 0 0
0 1 0
0 -0 1


---------------------------------
1 0 -0
0 1 0
0 0 1


---------------------------------
1 0 0
0 1 0
0 -0 1


---------------------------------
1 0 -0
0 1 0
0 0 1


---------------------------------
1 0 0
0 1 0
0 -0 1


---------------------------------
1 0 -0
0 1 0
0 0 1


---------------------------------
1 0 0
0 1 0
0 -0 1


---------------------------------
1 0 -0
0 1 0
0 0 1


---------------------------------
1 0 0
0 1 0
0 -0 1


---------------------------------
1 0 -0
0 1 0
0 0 1


---------------------------------
1 0 0
0 1 0
0 -0 1


---------------------------------
1 0 -0
0 1 0
0 0 1


---------------------------------
1 0 0
0 1 0
0 -0 1


---------------------------------
1 0 -0
0 1 0
0 0 1


---------------------------------
1 0 0
0 1 0
0 -0 1


---------------------------------
1 0 -0
0 1 0
0 0 1


---------------------------------
1 0 0
0 1 0
0 -0 1


---------------------------------
1 0 -0
0 1 0
0 0 1


---------------------------------
1 0 0
0 1 0
0 -0 1


---------------------------------
1 0 -0
0 1 0
0 0 1


---------------------------------
1 0 0
0 1 0
0 -0 1


---------------------------------
1 0 -0
0 1 0
0 0 1


---------------------------------
1 0 0
0 1 0
0 -0 1


---------------------------------
1 0 -0
0 1 0
0 0 1


---------------------------------
1 0 0
0 1 0
0 -0 1


---------------------------------
1 0 -0
0 1 0
0 0 1


---------------------------------
1 0 0
0 1 0
0 -0 1


---------------------------------
1 0 -0
0 1 0
0 0 1


---------------------------------
1 0 0
0 1 0
0 -0 1


---------------------------------
1 0 -0
0 1 0
0 0 1


---------------------------------
1 0 0
0 0.949243 0.314545
0 -0.314545 0.949243


---------------------------------
0.893633 0 0.448799
0 1 0
-0.448799 0 0.893633


---------------------------------
1 0 0
0 1 0
0 -0 1


---------------------------------
1 0 -0
0 1 0
0 0 1


---------------------------------
1 0 0
0 0.995671 0.0929499
0 -0.0929499 0.995671


---------------------------------
0.784416 0 0.620236
0 1 0
-0.620236 0 0.784416


---------------------------------
1 0 0
0 1 0
0 -0 1


---------------------------------
1 0 -0
0 1 0
0 0 1


---------------------------------
1 0 0
0 1 0
0 -0 1


---------------------------------
1 0 -0
0 1 0
0 0 1


---------------------------------
1 0 0
0 1 0
0 -0 1


---------------------------------
1 0 -0
0 1 0
0 0 1


---------------------------------
1 0 0
0 1 0
0 -0 1


---------------------------------
1 0 -0
0 1 0
0 0 1


---------------------------------
1 0 0
0 1 0
0 -0 1


---------------------------------
1 0 -0
0 1 0
0 0 1


---------------------------------
1 0 0
0 1 0
0 -0 1


---------------------------------
1 0 -0
0 1 0
0 0 1


---------------------------------
1 0 0
0 1 0
0 -0 1


---------------------------------
1 0 -0
0 1 0
0 0 1


---------------------------------
1 0 0
